ch1
1.844E00
1.531E00
1.375E00
2.781E00
4.344E00
5.906E00
7.469E00
9.031E00
1.059E01
1.200E01
1.309E01
1.419E01
1.528E01
1.622E01
1.700E01
1.763E01
1.794E01
1.841E01
1.856E01
1.888E01
1.903E01
1.903E01
1.903E01
1.888E01
1.841E01
1.809E01
1.778E01
1.731E01
1.669E01
1.638E01
1.544E01
1.403E01
1.263E01
1.138E01
9.813E00
8.094E00
6.531E00
5.125E00
4.031E00
3.250E00
2.469E00
2.000E00
1.688E00
1.375E00
1.844E00
3.406E00
4.969E00
6.375E00
7.938E00
9.500E00
1.091E01
1.231E01
1.372E01
1.466E01
1.559E01
1.653E01
1.716E01
1.763E01
1.809E01
1.856E01
1.872E01
1.888E01
1.903E01
1.903E01
1.888E01
1.872E01
1.825E01
1.794E01
1.763E01
1.716E01
1.684E01
1.606E01
1.497E01
1.356E01
1.216E01
1.091E01
9.188E00
7.781E00
6.063E00
4.813E00
3.719E00
2.938E00
2.313E00
2.000E00
1.688E00
1.375E00
2.469E00
3.719E00
5.281E00
6.844E00
8.406E00
9.969E00
1.138E01
1.263E01
1.403E01
1.497E01
1.606E01
1.684E01
1.747E01
1.794E01

