ch1
1.969E00
1.282E00
7.815E-01
4.690E-01
2.815E-01
2.190E-01
1.157E00
2.532E00
4.094E00
5.657E00
7.219E00
8.157E00
8.094E00
8.094E00
8.032E00
8.032E00
8.094E00
8.094E00
8.032E00
8.032E00
8.094E00
8.157E00
8.032E00
8.094E00
8.094E00
8.094E00
8.094E00
8.094E00
8.094E00
8.094E00
8.094E00
8.094E00
8.094E00
8.094E00
8.094E00
8.094E00
8.157E00
8.094E00
6.657E00
5.157E00
3.782E00
2.594E00
1.719E00
1.094E00
6.565E-01
3.440E-01
2.815E-01
3.440E-01
1.657E00
3.032E00
4.594E00
6.157E00
7.782E00
7.969E00
8.094E00
8.094E00
8.094E00
8.094E00
8.094E00
8.094E00
8.094E00
8.094E00
8.094E00
8.094E00
8.157E00
8.094E00
8.094E00
8.094E00
8.157E00
8.094E00
8.094E00
8.032E00
8.094E00
8.094E00
8.094E00
8.094E00
8.094E00
8.157E00
8.032E00
7.782E00
6.219E00
4.719E00
3.344E00
2.282E00
1.532E00
9.065E-01
5.315E-01
3.440E-01
2.190E-01
7.815E-01
2.157E00
3.469E00
5.094E00
6.719E00
8.094E00
8.157E00
8.094E00
8.094E00
8.094E00
8.094E00

