ch1
1.747E01
1.741E01
1.738E01
1.733E01
1.730E01
1.725E01
1.734E01
1.763E01
1.797E01
1.830E01
1.855E01
1.870E01
1.878E01
1.880E01
1.878E01
1.873E01
1.866E01
1.861E01
1.855E01
1.850E01
1.845E01
1.839E01
1.836E01
1.830E01
1.827E01
1.822E01
1.816E01
1.811E01
1.806E01
1.802E01
1.795E01
1.792E01
1.788E01
1.784E01
1.778E01
1.773E01
1.770E01
1.766E01
1.761E01
1.756E01
1.753E01
1.750E01
1.745E01
1.741E01
1.736E01
1.731E01
1.727E01
1.728E01
1.742E01
1.773E01
1.809E01
1.839E01
1.861E01
1.872E01
1.880E01
1.880E01
1.877E01
1.869E01
1.864E01
1.858E01
1.855E01
1.848E01
1.842E01
1.839E01
1.834E01
1.830E01
1.822E01
1.819E01
1.814E01
1.809E01
1.805E01
1.800E01
1.795E01
1.791E01
1.788E01
1.783E01
1.778E01
1.773E01
1.769E01
1.764E01
1.759E01
1.755E01
1.750E01
1.747E01
1.742E01
1.738E01
1.734E01
1.730E01
1.725E01
1.730E01
1.753E01
1.784E01
1.822E01
1.848E01
1.866E01
1.877E01
1.881E01
1.880E01
1.875E01
1.870E01

