ch1
1.880E-01
3.443E-01
9.693E-01
2.532E00
3.782E00
5.188E00
6.751E00
8.469E00
1.003E01
1.144E01
1.269E01
1.394E01
1.503E01
1.597E01
1.675E01
1.738E01
1.769E01
1.831E01
1.863E01
1.878E01
1.894E01
1.878E01
1.894E01
1.878E01
1.863E01
1.831E01
1.800E01
1.753E01
1.691E01
1.659E01
1.581E01
1.456E01
1.316E01
1.175E01
1.034E01
8.782E00
7.063E00
5.501E00
4.094E00
2.688E00
1.438E00
1.880E-01
1.880E-01
3.443E-01
1.282E00
2.844E00
4.094E00
5.813E00
7.532E00
8.938E00
1.034E01
1.175E01
1.300E01
1.425E01
1.534E01
1.628E01
1.706E01
1.753E01
1.800E01
1.831E01
1.878E01
1.894E01
1.894E01
1.894E01
1.894E01
1.878E01
1.863E01
1.816E01
1.784E01
1.753E01
1.691E01
1.628E01
1.550E01
1.409E01
1.269E01
1.144E01
9.719E00
8.157E00
6.594E00
5.032E00
3.626E00
2.219E00
9.693E-01
3.443E-01
1.880E-01
6.568E-01
1.907E00
3.313E00
4.876E00
6.282E00
7.844E00
9.407E00
1.097E01
1.238E01
1.347E01
1.456E01
1.566E01
1.659E01
1.722E01
1.769E01

