ch1
-7.813E-01
-3.906E00
-7.656E00
-1.172E01
-1.484E01
-1.734E01
-1.891E01
-1.969E01
-1.984E01
-1.984E01
-1.906E01
-1.797E01
-1.578E01
-1.234E01
-8.281E00
-4.531E00
-1.094E00
1.719E00
5.156E00
9.219E00
1.328E01
1.609E01
1.844E01
1.953E01
1.984E01
1.984E01
1.984E01
1.906E01
1.781E01
1.484E01
1.109E01
7.031E00
3.438E00
1.563E-01
-2.656E00
-6.406E00
-1.047E01
-1.391E01
-1.656E01
-1.844E01
-1.938E01
-1.984E01
-1.984E01
-1.938E01
-1.828E01
-1.688E01
-1.359E01
-9.688E00
-5.625E00
-2.188E00
9.375E-01
4.063E00
7.969E00
1.203E01
1.516E01
1.781E01
1.922E01
1.984E01
1.984E01
1.984E01
1.938E01
1.828E01
1.594E01
1.266E01
8.438E00
4.531E00
1.250E00
-1.563E00
-5.000E00
-9.063E00
-1.281E01
-1.594E01
-1.813E01
-1.922E01
-1.984E01
-1.984E01
-1.953E01
-1.875E01
-1.734E01
-1.453E01
-1.109E01
-6.875E00
-3.281E00
-1.563E-01
2.969E00
6.719E00
1.078E01
1.422E01
1.703E01
1.891E01
1.984E01
1.984E01
1.984E01
1.969E01
1.859E01
1.719E01
1.375E01
9.844E00
5.781E00
2.188E00

