ch1
1.714E01
1.709E01
1.703E01
1.698E01
1.691E01
1.695E01
1.719E01
1.748E01
1.786E01
1.820E01
1.848E01
1.866E01
1.878E01
1.884E01
1.881E01
1.873E01
1.867E01
1.861E01
1.853E01
1.847E01
1.841E01
1.833E01
1.827E01
1.820E01
1.814E01
1.809E01
1.803E01
1.795E01
1.791E01
1.786E01
1.780E01
1.773E01
1.767E01
1.761E01
1.755E01
1.752E01
1.745E01
1.739E01
1.734E01
1.730E01
1.723E01
1.717E01
1.711E01
1.706E01
1.700E01
1.695E01
1.691E01
1.698E01
1.728E01
1.761E01
1.798E01
1.830E01
1.855E01
1.872E01
1.881E01
1.884E01
1.881E01
1.873E01
1.866E01
1.858E01
1.852E01
1.845E01
1.839E01
1.833E01
1.825E01
1.820E01
1.814E01
1.808E01
1.802E01
1.795E01
1.791E01
1.784E01
1.778E01
1.772E01
1.767E01
1.761E01
1.756E01
1.750E01
1.744E01
1.739E01
1.733E01
1.728E01
1.722E01
1.719E01
1.711E01
1.705E01
1.702E01
1.695E01
1.692E01
1.708E01
1.738E01
1.773E01
1.809E01
1.839E01
1.861E01
1.875E01
1.883E01
1.884E01
1.878E01
1.872E01

