ch1
8.194E00
8.188E00
8.182E00
8.175E00
8.163E00
8.094E00
8.132E00
8.119E00
8.100E00
8.088E00
8.075E00
8.069E00
8.050E00
8.063E00
8.063E00
8.057E00
8.050E00
7.988E00
7.988E00
7.963E00
7.944E00
8.013E00
7.919E00
7.919E00
8.038E00
8.032E00
7.988E00
7.875E00
7.863E00
7.869E00
7.994E00
7.875E00
8.007E00
8.013E00
7.875E00
8.038E00
7.888E00
8.044E00
7.932E00
7.925E00
7.944E00
7.950E00
7.975E00
7.975E00
8.013E00
8.082E00
8.038E00
8.088E00
8.069E00
8.094E00
8.107E00
8.119E00
8.125E00
8.144E00
8.157E00
8.113E00
8.194E00
8.175E00
8.188E00
8.219E00
8.132E00
8.138E00
8.238E00
8.200E00
8.138E00
8.144E00
8.169E00
8.257E00
8.244E00
8.250E00
8.250E00
8.150E00
8.238E00
8.238E00
8.225E00
8.107E00
8.138E00
8.213E00
8.207E00
8.200E00
8.107E00
8.182E00
8.088E00
8.100E00
8.144E00
8.069E00
8.063E00
8.057E00
8.088E00
8.082E00
8.063E00
8.050E00
8.032E00
8.032E00
8.007E00
8.032E00
7.982E00
8.025E00
7.944E00
7.944E00

