ch1
-4.683E-01
-3.593E00
-7.500E00
-1.172E01
-1.484E01
-1.750E01
-1.828E01
-1.828E01
-1.828E01
-1.828E01
-1.828E01
-1.797E01
-1.594E01
-1.250E01
-8.281E00
-4.531E00
-1.093E00
1.719E00
5.157E00
9.219E00
1.313E01
1.625E01
1.844E01
1.938E01
2.031E01
2.047E01
2.031E01
1.922E01
1.813E01
1.516E01
1.141E01
7.344E00
3.751E00
4.693E-01
-2.343E00
-6.093E00
-1.031E01
-1.391E01
-1.672E01
-1.828E01
-1.828E01
-1.828E01
-1.828E01
-1.828E01
-1.828E01
-1.703E01
-1.359E01
-9.687E00
-5.781E00
-2.187E00
7.818E-01
4.063E00
7.969E00
1.188E01
1.531E01
1.781E01
1.922E01
2.000E01
2.047E01
2.047E01
1.953E01
1.844E01
1.625E01
1.266E01
8.751E00
4.844E00
1.563E00
-1.406E00
-5.000E00
-8.906E00
-1.281E01
-1.578E01
-1.797E01
-1.828E01
-1.828E01
-1.828E01
-1.828E01
-1.828E01
-1.766E01
-1.484E01
-1.109E01
-7.031E00
-3.281E00
-1.558E-01
2.657E00
6.407E00
1.063E01
1.422E01
1.703E01
1.859E01
1.969E01
2.031E01
2.031E01
2.016E01
1.875E01
1.734E01
1.406E01
1.000E01
6.094E00
2.657E00

