ch1
2.397E00
2.085E00
1.772E00
3.179E00
4.585E00
6.147E00
7.710E00
9.272E00
1.083E01
1.208E01
1.349E01
1.474E01
1.568E01
1.662E01
1.724E01
1.771E01
1.818E01
1.865E01
1.865E01
1.880E01
1.896E01
1.896E01
1.880E01
1.880E01
1.865E01
1.818E01
1.771E01
1.724E01
1.662E01
1.615E01
1.521E01
1.380E01
1.255E01
1.115E01
9.429E00
8.022E00
6.616E00
5.522E00
4.585E00
3.804E00
3.022E00
2.710E00
2.241E00
1.929E00
2.241E00
3.647E00
5.054E00
6.616E00
8.179E00
9.741E00
1.130E01
1.255E01
1.380E01
1.505E01
1.599E01
1.677E01
1.740E01
1.787E01
1.818E01
1.865E01
1.880E01
1.880E01
1.896E01
1.896E01
1.896E01
1.880E01
1.849E01
1.802E01
1.771E01
1.708E01
1.677E01
1.583E01
1.458E01
1.333E01
1.208E01
1.083E01
8.960E00
7.554E00
6.304E00
5.210E00
4.272E00
3.491E00
3.022E00
2.397E00
2.085E00
1.772E00
2.710E00
3.960E00
5.522E00
7.085E00
8.804E00
1.021E01
1.177E01
1.302E01
1.443E01
1.537E01
1.630E01
1.708E01
1.755E01
1.787E01

