            Frequency	    DB(V(VO)/V(V1:+))
                    1	-3.01009226729699e-006
     1.00925288607668	-3.49400012554429e-006
     1.01859138805412	-3.14315607076786e-006
     1.02801629812647	-3.61413588026091e-006
     1.03752841581801	-3.25012229442489e-006
      1.0471285480509	-3.7076939656694e-006
     1.05681750921366	-3.33001941751061e-006
     1.06659612123026	-3.7736731009451e-006
     1.07646521362984	-4.2101758342073e-006
     1.08642562361707	-3.81104640740558e-006
     1.09647819614319	-4.23284206916931e-006
     1.10662378397767	 -3.818731616597e-006
     1.11686324778056	-4.22527131762282e-006
     1.12719745617551	-4.62397118813088e-006
     1.13762728582343	-4.18633149433558e-006
     1.14815362149688	-4.56890504809154e-006
     1.15877735615513	-4.11484202994813e-006
     1.16949939101987	-4.48068643637747e-006
     1.18032063565173	-4.83793260982494e-006
     1.19124200802738	-4.35807247799119e-006
     1.20226443461741	-4.69763820188106e-006
     1.21338885046498	-5.02811641935619e-006
     1.22461619926505	-5.34934007593641e-006
     1.23594743344451	-4.83278653129455e-006
     1.24738351424295	-5.13497666825294e-006
     1.25892541179417	-5.4273862793211e-006
     1.27057410520854	-5.70983293674283e-006
     1.28233058265602	-5.15378262912806e-006
     1.29419584144999	-5.41573987419305e-006
     1.30617088813184	-5.66716881383391e-006
     1.31825673855641	-5.90787048695812e-006
     1.33045441797809	-6.13765153234394e-006
     1.34276496113787	-6.3563021122787e-006
     1.35518941235104	-6.56361337557862e-006
     1.36772882559585	-5.93103389246549e-006
     1.38038426460289	-6.11504477892155e-006
     1.39315680294531	-6.28707403454355e-006
     1.40604752412992	-6.44689894991885e-006
      1.4190575216891	-6.59429794586191e-006
     1.43218789927355	-6.72904117314607e-006
     1.44543977074593	-6.85088541699585e-006
     1.45881426027535	-6.95959310207041e-006
     1.47231250243272	-7.05492284397933e-006
     1.48593564228701	-7.13662443767207e-006
     1.49968483550238	-7.20444358843589e-006
     1.51356124843621	-8.08647963745631e-006
     1.52756605823808	-8.12575950137549e-006
     1.54170045294957	-8.15036388168159e-006
     1.55596563160508	-8.16003702775792e-006
     1.57036280433356	-8.15447741432357e-006
     1.58489319246112	-8.13342049238455e-006
     1.59955802861468	-8.92492370917948e-006
     1.61435855682649	-8.87198706453526e-006
     1.62929603263973	-8.80268002585891e-006
     1.64437172321494	-8.71666568804587e-006
     1.65958690743757	-9.44201453076811e-006
     1.67494287602645	-9.32169624352845e-006
     1.69044093164327	-9.18373836772896e-006
     1.70608238900313	-9.85616298368535e-006
     1.72186857498602	-9.68194662485308e-006
     1.73780082874938	-1.0317424376662e-005
     1.75388050184177	-1.01055852609256e-005
     1.77010895831743	-1.07027528862701e-005
     1.78648757485206	-1.04518703206138e-005
     1.80301774085958	-1.10092724788787e-005
     1.81970085860999	-1.07178910419048e-005
     1.83653834334836	-1.12340366175794e-005
     1.85353162341482	-1.17289748743749e-005
     1.87068214036581	-1.13739779929542e-005
      1.8879913490963	-1.18253248320447e-005
     1.90546071796326	-1.22542493829706e-005
     1.92309172891017	-1.2660363148059e-005
     1.94088587759279	-1.22148745004917e-005
       1.958844673506	-1.25740600799483e-005
     1.97696964011187	-1.29091137620272e-005
     1.99526231496889	-1.32195938108877e-005
      2.0137242498624	-1.35050514695532e-005
     2.03235701093623	-1.37650172905585e-005
     2.05116217882558	-1.39990141148649e-005
     2.07014134879106	-1.4206556980262e-005
     2.08929613085405	-1.43871669730033e-005
      2.1086281499333	-1.45403294945528e-005
     2.12813904598273	-1.54938799513103e-005
     2.14783047413055	-1.55906264684441e-005
     2.16770410481971	-1.56583594413984e-005
     2.18776162394957	-1.56965590613348e-005
     2.20800473301892	 -1.653301188926e-005
     2.22843514927032	-1.65104633822369e-005
      2.2490546058358	-1.72850554232393e-005
     2.26986485188384	-1.71995008187463e-005
     2.29086765276779	-1.7909892244868e-005
     2.31206479017561	-1.77589385048384e-005
     2.33345806228102	-1.84027433487957e-005
     2.35504928389603	-1.81839657353625e-005
      2.3768402866249	-1.87586575447421e-005
     2.39883291901951	-1.92978312743086e-005
      2.4210290467362	-1.98008483229142e-005
     2.44343055269399	-2.02669948546339e-005
     2.46603933723436	-2.06956269950127e-005
     2.48885731828241	-2.10860247525045e-005
      2.5118864315096	-2.14374727733947e-005
     2.53512863049793	-2.17492609493606e-005
     2.55858588690567	-2.20206337438967e-005
     2.58226019063462	-2.22508574987136e-005
     2.60615354999892	-2.24391696078009e-005
     2.63026799189541	-2.34131185174186e-005
     2.65460556197556	-2.35152519390371e-005
     2.67916832481906	-2.44013978452318e-005
     2.70395836410887	-2.44140965953363e-005
     2.72897778280807	-2.52091663504489e-005
     2.75422870333819	-2.5129067527372e-005
     2.77971326775932	-2.58296445099815e-005
     2.80543363795174	-2.64816334258376e-005
     2.83139199579941	-2.70841326844376e-005
     2.85759054337497	-2.76362451963954e-005
     2.88403150312663	-2.81370212513714e-005
     2.91071711806663	-2.85855149160251e-005
     2.93764965196156	-2.89807454531303e-005
     2.96483138952437	-2.93217160334992e-005
     2.99226463660822	-2.96074335163928e-005
     3.01995172040205	-3.06652065485849e-005
     3.04789498962802	-3.0837313496698e-005
     3.07609681474074	-3.17793462842292e-005
     3.10455958812839	-3.26619073216976e-005
     3.13328572431562	-3.2655499570135e-005
     3.16227766016841	-3.34157434674195e-005
      3.1915378551008	-3.41131477173672e-005
     3.22106879128347	-3.4746496112355e-005
     3.25087297385438	-3.53145951750955e-005
     3.28095293113123	-3.58162758665645e-005
     3.31131121482595	-3.7078641948946e-005
     3.34195040026118	-3.74437269594314e-005
     3.37287308658873	-3.77385936623938e-005
     3.40408189701005	-3.87902831177595e-005
     3.43557947899879	-3.97691466698512e-005
     3.46736850452536	-4.06737567644837e-005
     3.49945167028361	-4.06745149907558e-005
     3.53183169791961	-4.14266161190235e-005
     3.56451133426249	-4.29286094034331e-005
     3.59749335155747	-4.35224037318128e-005
     3.63078054770106	-4.4034835502988e-005
     3.66437574647838	-4.52927151968325e-005
     3.69828179780271	-4.56378828436355e-005
     3.73250157795725	-4.67253815565585e-005
     3.76703798983914	-4.77253335062243e-005
     3.80189396320566	-4.86360667792198e-005
     3.83707245492284	-4.94559327055343e-005
     3.87257644921622	-5.01832043173672e-005
     3.90840895792407	-5.08162303359126e-005
     3.94457302075284	-5.21815571406313e-005
     3.98107170553503	-5.34490970669096e-005
     4.01790810848945	-5.37886823842702e-005
     4.05508535448389	-5.48550441739426e-005
     4.09260659730016	-5.5818115869684e-005
     4.13047501990167	-5.75041841047377e-005
     4.16869383470341	-5.82546877426371e-005
      4.2072662838445	-5.9724284693192e-005
     4.24619563946319	-6.02542403631474e-005
     4.28548520397446	-6.14992013359721e-005
     4.32513831035015	-6.26287495872603e-005
     4.36515832240172	-6.36406421108678e-005
      4.4055486350656	-6.53611559227893e-005
     4.44631267469115	-6.61312714228117e-005
     4.48745389933139	-6.7605458930843e-005
     4.52897579903627	-6.89530661940636e-005
     4.57088189614882	-7.01717256574619e-005
     4.61317574560386	-7.12590927263744e-005
     4.65586093522966	-7.3040918787508e-005
     4.69894108605222	-7.38582654879417e-005
     4.74241985260252	-7.53650593003648e-005
     4.78630092322646	-7.67304765198016e-005
      4.8305880203978	-7.79519094992782e-005
     4.87528490103394	-7.98550252942061e-005
     4.92039535681459	-8.07803666223579e-005
     4.96592321450344	 -8.238182741277e-005
      5.0118723362728	-8.38283089004451e-005
     5.05824662003122	-8.59451634632197e-005
     5.10504999975414	-8.70728876974579e-005
     5.15228644581765	-8.88651197520731e-005
     5.19995996533524	-9.04905081214327e-005
     5.24807460249781	-9.19458959804597e-005
     5.29663443891666	-9.40564553043924e-005
      5.3456435939698	-9.59907568308776e-005
     5.39510622515136	-9.77453461977321e-005
      5.4450265284243	-9.93170004324438e-005
     5.49540873857634	-0.000101530607123846
      5.5462571295792	 -0.00010272607531623
      5.5975760149512	-0.000105384792175768
     5.64936974812312	-0.000107018248690897
     5.70164272280757	 -0.00010927940755918
     5.75439937337167	-0.000111336179540301
     5.80764417521322	-0.000113184873793896
     5.86138164514039	-0.000114821585200373
     5.91561634175484	-0.000117070565751918
     5.97035286583847	 -0.00011909963639685
     6.02559586074368	 -0.00012173299759997
     6.08135001278728	-0.000124138103054847
     6.13762005164805	-0.000126310800255313
     6.19441075076792	-0.000128246622860618
     6.25172692775697	 -0.00013076957411392
     6.30957344480204	-0.000133046830419975
     6.36795520907927	-0.000135902252781203
     6.42687717317031	-0.000138502874612738
      6.4863443354825	-0.000140843774052676
     6.54636174067287	-0.000143748409512629
     6.60693448007608	-0.000146383757392319
     6.66806769213634	-0.000148744834156681
      6.7297665628433	 -0.00015165468140373
     6.79203632617197	-0.000154279860921074
     6.85488226452674	-0.000157443422654172
     6.91830970918949	-0.000160311579495243
     6.98232404077185	-0.000163707205243043
      7.0469306896716	-0.000166796524285709
     7.11213513653343	-0.000169573576704782
     7.17794291271375	-0.000172861152460801
     7.24435960075004	-0.000175824822534022
     7.31139083483431	-0.000179286801281485
     7.37904230129115	-0.000182412851120424
     7.44731973906003	-0.000186025188522835
      7.5162289401822	-0.000189288788500359
     7.58577575029199	-0.000193025455235626
     7.65596606911271	-0.000196400759289629
     7.72680585095718	-0.000200235683113238
     7.79830110523274	-0.000203695589203569
     7.87045789695114	-0.000207601434281729
     7.94328234724298	-0.000211118160646171
     8.01678063387695	 -0.00021506648656408
     8.09095899178399	-0.000219438954754187
     8.16582371358609	-0.000223400385646779
     8.24138115013019	-0.000227770690248179
     8.31763771102688	 -0.00023171445469788
     8.39459986519415	-0.000236051545569877
     8.47227414140614	-0.000240774108757557
     8.55066712884701	-0.000245045465238735
     8.62978547766988	-0.000249685519940489
     8.70963589956099	-0.000254686027188916
     8.79022516830903	-0.000259209669596264
      8.8715601203798	-0.000264076168550619
     8.95364765549613	-0.000268447918087571
     9.03649473722321	 -0.00027397234318052
     9.12010839355929	-0.000278983785393275
     9.20449571753191	-0.000284300651526887
     9.28966386779957	-0.000289085218443726
     9.37562006925901	-0.000294984043589531
     9.46237161365814	-0.000300330366541769
     9.54992586021457	-0.000305942186136412
     9.63829023623992	-0.000310981151228955
     9.72747223776987	-0.000317092625094344
     9.81747943020006	-0.000323437915354985
      9.9083194489279	-0.000329177383130313
     10.0000000000002	-0.000335128421314988
     10.0925288607671	-0.000341279233008825
     10.1859138805414	 -0.00034761809527873
      10.280162981265	-0.000354133369015068
     10.3752841581804	-0.000360812954408079
     10.4712854805092	-0.000367644275795484
     10.5681750921368	-0.000374614831146219
     10.6659612123028	-0.000381711917169823
     10.7646521362986	-0.000388094155632853
     10.8642562361709	-0.000395404794537874
     10.9647819614321	-0.000402802023376252
     11.0662378397769	-0.000410271995078813
     11.1686324778059	-0.000417800935261978
     11.2719745617554	-0.000426202416177691
     11.3762728582346	-0.000433805870644666
     11.4815362149691	-0.000442252255351668
     11.5877735615515	-0.000449870850729862
      11.694993910199	-0.000458302109076668
     11.8032063565176	-0.000466702053766188
      11.912420080274	-0.000475883391558756
     12.0226443461744	-0.000484173185210251
     12.1338885046501	-0.000493211450672228
     12.2461619926508	-0.000502980992401775
     12.3594743344454	-0.000511808399806917
     12.4738351424297	-0.000521332187732306
      12.589254117942	-0.000531535648082102
     12.7057410520857	-0.000540742873558845
     12.8233058265605	-0.000551420948184475
     12.9419584145002	-0.000561065922160155
     13.0617088813187	-0.000572142887884317
     13.1825673855644	-0.000582148678495115
     13.3045441797813	-0.000593547037959147
      13.427649611379	 -0.00060466229232455
     13.5518941235107	-0.000615472503781801
     13.6772882559588	-0.000626785625940184
     13.8038426460292	-0.000638580472180411
     13.9315680294534	-0.000650834772680284
     14.0604752412995	-0.000662697822351179
     14.1905752168913	-0.000674975439782265
     14.3218789927358	-0.000687645015906026
     14.4543977074597	-0.000700682039237702
     14.5881426027539	-0.000713235876340956
     14.7231250243276	-0.000726936542142958
     14.8593564228705	-0.000740104598908394
     14.9968483550241	-0.000753542781358638
     15.1356124843625	-0.000768052580602271
     15.2756605823811	-0.000781950977037568
      15.417004529496	-0.000796869048890096
     15.5596563160512	-0.000811122958841949
      15.703628043336	-0.000826341273274348
     15.8489319246116	-0.000841666410345286
     15.9955802861471	-0.000857898834045235
     16.1435855682653	-0.000873352913725762
     16.2929603263977	-0.000889655323920635
     16.4437172321498	-0.000905946582809448
     16.5958690743761	-0.000923024382360303
     16.7494287602648	 -0.00094002912401866
     16.9044093164331	-0.000957756598788671
     17.0608238900317	-0.000975346185986267
     17.2186857498606	-0.000993593531375842
     17.3780082874943	 -0.00101246304660233
     17.5388050184181	 -0.00103109250125538
     17.7010895831747	 -0.00105027588870366
      17.864875748521	 -0.00106997589238332
     18.0301774085962	  -0.0010893286076807
     18.1970085861004	   -0.001109953207454
      18.365383433484	  -0.0011301557807932
     18.5353162341487	 -0.00115155327959881
     18.7068214036586	 -0.00117327741692226
     18.8799134909635	  -0.0011944622926416
      19.054607179633	 -0.00121672189082905
     19.2309172891022	 -0.00123918700434962
     19.4088587759284	 -0.00126264237256945
     19.5884467350605	 -0.00128621848392022
     19.7696964011192	 -0.00130987089308432
     19.9526231496894	 -0.00133438219787463
     20.1372424986245	  -0.0013588797598987
     20.3235701093628	 -0.00138414360510038
     20.5116217882563	 -0.00141012846118391
     20.7014134879111	 -0.00143595842004858
      20.892961308541	 -0.00146323776173352
     21.0862814993335	   -0.001490263477426
     21.2813904598278	 -0.00151781046838644
      21.478304741306	 -0.00154582845215331
     21.6770410481976	 -0.00157509287592487
     21.8776162394962	   -0.001603892987284
     22.0800473301897	  -0.0016338301453702
     22.2843514927037	 -0.00166402065962025
     22.4905460583585	 -0.00169523641854702
     22.6986485188389	 -0.00172659195147112
     22.9086765276785	 -0.00175885486322282
     23.1206479017567	 -0.00179113778891388
     23.3345806228108	 -0.00182503639371539
     23.5504928389608	 -0.00185883132700148
     23.7684028662495	 -0.00189328868616732
     23.9883291901957	 -0.00192834218887209
     24.2102904673626	 -0.00196392703139128
     24.4343055269405	 -0.00200080486777075
     24.6603933723442	 -0.00203807734913964
     24.8885731828247	  -0.0020756777644158
     25.1188643150966	 -0.00211436179047936
     25.3512863049799	 -0.00215405643217719
     25.5858588690573	 -0.00219386282493797
     25.8226019063468	 -0.00223453307005827
     26.0615354999898	 -0.00227599059888321
     26.3026799189547	 -0.00231815759428256
     26.5460556197563	 -0.00236178514311927
     26.7916832481912	 -0.00240513255065204
     27.0395836410893	 -0.00244977849946327
     27.2897778280813	 -0.00249563711514425
     27.5422870333826	 -0.00254179677300692
     27.7971326775938	 -0.00258899904311651
     28.0543363795181	 -0.00263715383372221
     28.3139199579947	  -0.0026861695545348
     28.5759054337504	 -0.00273596226059179
      28.840315031267	 -0.00278725853860662
      29.107171180667	 -0.00283914129836743
     29.3764965196163	 -0.00289150987001599
     29.6483138952444	 -0.00294509845666564
     29.9226463660829	 -0.00299979993086729
     30.1995172040212	 -0.00305552142800954
     30.4789498962809	 -0.00311297623330713
     30.7609681474082	 -0.00317041427110728
     31.0455958812846	 -0.00322937555230018
     31.3328572431569	 -0.00328975074759248
     31.6227766016849	 -0.00335060186688264
     31.9153785510087	 -0.00341264300164003
     32.2106879128355	 -0.00347658633376034
     32.5087297385446	 -0.00354065816777322
     32.8095293113131	 -0.00360639373399109
     33.1131121482603	  -0.0036736655519343
     33.4195040026126	 -0.00374153153113077
     33.7287308658881	 -0.00381151012355157
     34.0408189701013	  -0.0038826480825384
     34.3557947899887	 -0.00395481327263218
     34.6736850452544	 -0.00402787141698784
      34.994516702837	 -0.00410251638829488
      35.318316979197	 -0.00417860577212938
     35.6451133426257	 -0.00425682510812721
     35.9749335155755	 -0.00433537426077613
     36.3078054770114	 -0.00441659479632906
     36.6437574647847	 -0.00449867420521787
      36.982817978028	 -0.00458228845147466
     37.3250157795734	 -0.00466728862434616
     37.6703798983923	 -0.00475351146600633
     38.0189396320575	 -0.00484245162073815
     38.3707245492293	 -0.00493228785892595
     38.7257644921631	 -0.00502368740288091
     39.0840895792416	 -0.00511729821154149
     39.4457302075293	 -0.00521212969900276
     39.8107170553512	 -0.00530882407486886
     40.1790810848955	  -0.0054072071232546
     40.5508535448399	 -0.00550792357200722
     40.9260659730026	 -0.00560995448351673
     41.3047501990177	 -0.00571476873570949
     41.6869383470351	  -0.0058205197824162
      42.072662838446	 -0.00592866143203394
     42.4619563946329	 -0.00603899242030248
     42.8548520397456	 -0.00615131280131493
     43.2513831035025	 -0.00626541487264936
     43.6515832240183	 -0.00638191318041874
      44.055486350657	 -0.00650058842745833
     44.4631267469126	 -0.00662122720664642
     44.8745389933149	 -0.00674443344319156
     45.2897579903638	  -0.0068691468743569
     45.7088189614893	 -0.00699679415580886
     46.1317574560397	 -0.00712713272096721
     46.5586093522977	 -0.00725910566954575
     46.9894108605234	 -0.00739411821265989
     47.4241985260263	 -0.00753109077576668
     47.8630092322657	 -0.00767142515391135
     48.3058802039792	 -0.00781403868689417
     48.7528490103405	 -0.00795866453624772
      49.203953568147	 -0.00810669170083596
     49.6592321450356	 -0.00825702496594121
     50.1187233627292	 -0.00841020380414157
     50.5824662003134	 -0.00856677348103009
     51.0504999975427	 -0.00872562541117268
     51.5228644581777	 -0.00888812033666126
     51.9995996533537	 -0.00905311836544863
     52.4807460249794	 -0.00922116805319726
     52.9663443891679	  -0.0093919442691121
     53.4564359396993	 -0.00956677617940931
     53.9510622515149	 -0.00974453776065439
     54.4502652842443	 -0.00992488802062419
     54.9540873857647	  -0.0101091398919491
     55.4625712957933	  -0.0102969761322947
     55.9757601495133	  -0.0104880389902635
     56.4936974812326	  -0.0106828125690953
     57.0164272280771	  -0.0108809274189104
     57.5439937337181	   -0.011082856055297
     58.0764417521336	  -0.0112890404737014
     58.6138164514053	  -0.0114982942440951
     59.1561634175498	   -0.011711883015242
     59.7035286583862	  -0.0119293937566404
     60.2559586074383	  -0.0121504707084178
     60.8135001278743	  -0.0123763213778308
      61.376200516482	  -0.0126057153787996
     61.9441075076807	  -0.0128399111762521
     62.5172692775712	   -0.013078448765006
      63.095734448022	  -0.0133209005183592
     63.6795520907943	  -0.0135684907047417
     64.2687717317047	  -0.0138199281779952
     64.8634433548266	  -0.0140764088596194
     65.4636174067303	  -0.0143374625507326
     66.0693448007624	  -0.0146034476292369
     66.6806769213651	  -0.0148747006237841
     67.2976656284347	  -0.0151507280204431
     67.9203632617214	  -0.0154318500993072
     68.5488226452691	  -0.0157175571112827
     69.1830970918966	  -0.0160097954821917
     69.8232404077202	  -0.0163064103200953
     70.4693068967178	   -0.016609330762063
      71.121351365336	  -0.0169171614371354
     71.7794291271393	  -0.0172310218036631
     72.4435960075022	  -0.0175503347625626
     73.1139083483449	  -0.0178761550741994
     73.7904230129133	  -0.0182079174127496
     74.4731973906022	  -0.0185450002796037
     75.1622894018238	  -0.0188892965222094
     75.8577575029217	  -0.0192393441940092
      76.559660691129	  -0.0195961472662908
     77.2680585095736	  -0.0199590918356557
     77.9830110523293	  -0.0203291606974146
     78.7045789695134	  -0.0207064887063329
     79.4328234724317	   -0.021090430437154
     80.1678063387715	  -0.0214811157702624
     80.9095899178419	  -0.0218794818679135
     81.6582371358629	  -0.0222848160206179
     82.4138115013039	  -0.0226980489042445
     83.1763771102708	  -0.0231192451732686
     83.9459986519435	   -0.023547656282876
     84.7227414140635	  -0.0239833579932566
     85.5066712884722	  -0.0244280313831032
      86.297854776701	  -0.0248808904148149
      87.096358995612	  -0.0253419355978514
     87.9022516830924	  -0.0258111910316357
     88.7156012038001	  -0.0262894472104665
     89.5364765549635	  -0.0267766818266537
     90.3649473722343	  -0.0272728587417369
     91.2010839355952	  -0.0277779277879192
     92.0449571753214	  -0.0282926210327963
     92.8966386779979	  -0.0288160425574182
     93.7562006925924	  -0.0293497295862741
     94.6237161365837	  -0.0298935718071042
      95.499258602148	  -0.0304465879216231
     96.3829023624016	   -0.031011102036734
     97.2747223777011	   -0.031584511793502
      98.174794302003	   -0.032169861020605
     99.0831944892814	  -0.0327653081355702
     100.000000000005	  -0.0333715021146852
     100.925288607673	  -0.0339890113876013
     101.859138805417	  -0.0346183423301033
     102.801629812652	  -0.0352592553157626
     103.752841581806	  -0.0359114941784108
     104.712854805095	  -0.0365755092506071
     105.681750921371	  -0.0372525866237594
     106.659612123031	  -0.0379416462352763
     107.646521362989	  -0.0386430330572278
     108.642562361712	  -0.0393580643089507
     109.647819614324	  -0.0400862762317822
     110.662378397772	  -0.0408272774432358
     111.686324778062	  -0.0415822308663513
     112.719745617557	  -0.0423514180511767
     113.762728582349	  -0.0431336223637845
     114.815362149694	  -0.0439315103920581
     115.877735615518	  -0.0447429647048975
     116.949939101993	  -0.0455706519649042
     118.032063565179	  -0.0464123614267365
     119.124200802743	  -0.0472699522404804
     120.226443461747	   -0.048143540553167
     121.338885046504	  -0.0490325117483693
     122.461619926511	  -0.0499385970125062
     123.594743344457	  -0.0508610797091444
       124.7383514243	  -0.0518001304129755
     125.892541179423	  -0.0527564880986007
      127.05741052086	  -0.0537302701076746
     128.233058265609	  -0.0547223201013834
     129.419584145005	  -0.0557324847392644
     130.617088813191	  -0.0567608557321191
     131.825673855647	  -0.0578088280908905
     133.045441797816	  -0.0588756340571845
     134.276496113793	   -0.059961860195257
      135.51894123511	  -0.0610673720105807
     136.772882559592	  -0.0621935505758231
     138.038426460295	  -0.0633410579671636
     139.315680294537	  -0.0645088075480847
     140.604752412999	  -0.0656981411009182
     141.905752168916	   -0.066909566054444
     143.218789927362	  -0.0681426967090137
       144.5439770746	   -0.069397972568548
     145.881426027542	  -0.0706766577699717
     147.231250243279	  -0.0719791215060664
     148.593564228708	  -0.0733048374114481
     149.968483550245	  -0.0746549612899853
     151.356124843629	  -0.0760297520670772
     152.756605823815	  -0.0774294953719107
     154.170045294964	  -0.0788551690126761
     155.596563160516	  -0.0803061221917895
     157.036280433363	  -0.0817840445091556
      158.48931924612	  -0.0832884049265162
     159.955802861475	  -0.0848207435554196
     161.435855682657	  -0.0863811057598763
     162.929603263981	  -0.0879695651564999
     164.437172321502	  -0.0895868063141563
     165.958690743765	   -0.091233536445899
     167.494287602653	  -0.0929105585616724
     169.044093164335	  -0.0946175606760572
     170.608238900321	  -0.0963561143630911
      172.18685749861	  -0.0981258848892915
     173.780082874947	  -0.0999274200846983
     175.388050184185	   -0.101762861691371
     177.010895831752	   -0.103631016911049
     178.648757485215	   -0.105532362363385
     180.301774085967	   -0.107469518059457
     181.970085861008	   -0.109440587057593
     183.653834334845	   -0.111448235133497
     185.353162341491	   -0.113491873295587
      187.06821403659	   -0.115572495453162
      188.79913490964	   -0.117691038387423
     190.546071796335	   -0.119847765551222
     192.309172891026	   -0.122043421839576
     194.088587759288	   -0.124278934099842
      195.88446735061	    -0.12655500771224
     197.696964011197	   -0.128872451355728
     199.526231496899	   -0.131231160048247
      201.37242498625	   -0.133632594146292
     203.235701093633	   -0.136077465319938
     205.116217882568	   -0.138567020141431
     207.014134879116	   -0.141100900681587
     208.929613085415	   -0.143679977534281
      210.86281499334	   -0.146306652000526
     212.813904598283	   -0.148979777059724
     214.783047413065	    -0.15170173638749
     216.770410481981	   -0.154472240196743
     218.776162394967	   -0.157292012319206
     220.800473301902	   -0.160163441018402
     222.843514927043	   -0.163086555920639
     224.905460583591	   -0.166061688796664
     226.986485188395	   -0.169090615145113
      229.08676527679	   -0.172173897168085
     231.206479017572	   -0.175312398425749
     233.345806228113	   -0.178506907608357
     235.504928389614	   -0.181758884712748
     237.684028662501	   -0.185069705024781
     239.883291901963	   -0.188439166677187
     242.102904673631	   -0.191869626772959
     244.343055269411	   -0.195361261657559
     246.603933723448	   -0.198915512133063
     248.885731828253	   -0.202532790340143
     251.188643150972	   -0.206215107574015
     253.512863049805	   -0.209963646488057
     255.858588690579	   -0.213779073233632
     258.226019063474	   -0.217662077474685
     260.615354999904	   -0.221615031934263
     263.026799189553	   -0.225638960670081
     265.460556197569	   -0.229734068927641
     267.916832481919	   -0.233902647757241
       270.3958364109	   -0.238145429856396
      272.89777828082	   -0.242463500995086
     275.422870333832	   -0.246859066648741
     277.971326775945	   -0.251332783771212
     280.543363795188	   -0.255886154231703
     283.139199579954	   -0.260520808864815
     285.759054337511	   -0.265238512792444
     288.403150312677	   -0.270039494686914
     291.071711806677	   -0.274926482047665
      293.76496519617	   -0.279899961605794
     296.483138952452	   -0.284962311245631
     299.226463660836	   -0.290114633006449
     301.995172040219	   -0.295358720983609
     304.789498962816	   -0.300696396373794
     307.609681474089	    -0.30612851436473
     310.455958812854	   -0.311657603415838
     313.328572431577	    -0.31728504002078
     316.227766016857	   -0.323012593118524
     319.153785510095	   -0.328842252266184
     322.106879128362	   -0.334775707036147
     325.087297385454	   -0.340814172149995
     328.095293113139	    -0.34696081295703
     331.131121482611	   -0.353216516556827
     334.195040026134	   -0.359583644906127
     337.287308658889	   -0.366064241178603
     340.408189701021	   -0.372660389680805
     343.557947899895	   -0.379373866772031
     346.736850452552	    -0.38620730534621
     349.945167028378	   -0.393162536845358
     353.183169791978	   -0.400242149248204
     356.451133426266	   -0.407447688310591
     359.749335155764	   -0.414782355928436
     363.078054770123	   -0.422248303790936
     366.437574647855	   -0.429847504526367
     369.828179780289	   -0.437582696234377
     373.250157795743	   -0.445456784219185
     376.703798983932	   -0.453471889054351
     380.189396320584	   -0.461631211466801
     383.707245492302	   -0.469936867245851
     387.257644921641	   -0.478392047311209
     390.840895792426	   -0.486999483768094
     394.457302075302	   -0.495762361449093
     398.107170553522	   -0.504683410502268
     401.790810848965	   -0.513765822177505
     405.508535448409	   -0.523012324377387
     409.260659730036	   -0.532427047028586
     413.047501990187	   -0.542012417605736
     416.869383470361	   -0.551772557932288
      420.72662838447	   -0.561710601612876
     424.619563946339	   -0.571830333053459
     428.548520397466	   -0.582135171176903
     432.513831035036	   -0.592629055885934
     436.515832240193	   -0.603316043383438
     440.554863506581	   -0.614199732366359
     444.631267469136	   -0.625284945470903
      448.74538993316	   -0.636575366527275
     452.897579903649	   -0.648075211033855
     457.088189614904	   -0.659789599485769
     461.317574560408	   -0.671722762577777
     465.586093522988	   -0.683879316092705
     469.894108605245	   -0.696264707806264
     474.241985260275	   -0.708883341623163
     478.630092322669	   -0.721741069806352
     483.058802039803	   -0.734842824904632
     487.528490103417	   -0.748194134724594
     492.039535681482	   -0.761800747004092
     496.592321450368	   -0.775668924617372
     501.187233627304	   -0.789804638733438
     505.824662003146	   -0.804213842434777
     510.504999975439	   -0.818903382778991
     515.228644581789	    -0.83387970984908
     519.995996533549	   -0.849150381705971
     524.807460249806	   -0.864721653710143
     529.663443891692	   -0.880601061975535
     534.564359397006	   -0.896797410805246
     539.510622515162	   -0.913317159995819
     544.502652842456	   -0.930169649982431
      549.54087385766	   -0.947363230387772
     554.625712957947	   -0.964905434525868
     559.757601495146	   -0.982807343754094
     564.936974812339	    -1.00107653222521
     570.164272280784	    -1.01972336135079
     575.439937337194	    -1.03875887776261
      580.76441752135	    -1.05819204423863
     586.138164514067	    -1.07803478906486
     591.561634175512	     -1.0982981393892
     597.035286583876	    -1.11899242969552
     602.559586074397	    -1.14013155334946
     608.135001278758	    -1.16172713421252
     613.762005164834	    -1.18379152742638
     619.441075076822	    -1.20633954311463
     625.172692775727	     -1.2293830600988
     630.957344480235	    -1.25293835918337
     636.795520907958	    -1.27701880847057
     642.687717317062	    -1.30164031748399
     648.634433548281	     -1.3268180680191
     654.636174067318	    -1.35256981989117
      660.69344800764	    -1.37891257570954
     666.806769213666	    -1.40586245319809
     672.976656284362	    -1.43343957124174
     679.203632617229	    -1.46166144727273
     685.488226452707	    -1.49054781027089
     691.830970918982	    -1.52011987519012
     698.232404077218	    -1.55039637759458
     704.693068967194	    -1.58140067934896
     711.213513653376	    -1.61315488721733
      717.79429127141	    -1.64568202898616
     724.435960075038	    -1.67900412908673
     731.139083483466	    -1.71314737930154
      737.90423012915	    -1.74813730551093
     744.731973906039	    -1.78399788790241
     751.622894018256	    -1.82075781332349
     758.577575029235	    -1.85844357013119
     765.596606911308	    -1.89708370374241
     772.680585095754	     -1.9367069846578
     779.830110523311	    -1.97734417926257
     787.045789695152	    -2.01902516927622
     794.328234724335	    -2.06178230852324
     801.678063387733	    -2.10564650607719
     809.095899178437	    -2.15065217622343
     816.582371358648	    -2.19683175978599
     824.138115013058	    -2.24422071763116
     831.763771102728	    -2.29285410998679
     839.459986519455	    -2.34276798747344
     847.227414140654	    -2.39399855190385
     855.066712884742	    -2.44658301935116
     862.978547767029	    -2.50055989857881
      870.96358995614	    -2.55596663547802
     879.022516830945	    -2.61284304890397
     887.156012038022	    -2.67122785303184
     895.364765549655	    -2.73116128178238
     903.649473722364	    -2.79268326467855
     912.010839355973	    -2.85583419903166
     920.449571753235	    -2.92065484474728
         928.96638678	    -2.98718589696439
     937.562006925945	    -3.05546796793476
     946.237161365859	    -3.12554183372886
     954.992586021502	    -3.19744882645721
     963.829023624038	    -3.27122831578777
     972.747223777033	    -3.34692148203997
     981.747943020053	    -3.42456755670896
     990.831944892837	    -3.50420558478981
     1000.00000000007	     -3.5858743197101
     1009.25288607676	    -3.66961131798153
     1018.59138805419	    -3.75545379132004
     1028.01629812655	    -3.84343795245556
     1037.52841581809	     -3.9335978252326
     1047.12854805097	    -4.02596727162432
     1056.81750921373	    -4.12057955313866
     1066.59612123033	    -4.21746403696069
     1076.46521362991	    -4.31665089765295
     1086.42562361714	    -4.41816780922529
     1096.47819614326	    -4.52204048893089
     1106.62378397775	    -4.62829245005528
     1116.86324778064	    -4.73694586528049
     1127.19745617559	    -4.84802093960001
     1137.62728582351	    -4.96153506730356
     1148.15362149697	     -5.0775039153708
     1158.77735615521	    -5.19594049658219
     1169.49939101996	    -5.31685553607819
     1180.32063565181	    -5.44025745997501
     1191.24200802746	    -5.56615267654604
      1202.2644346175	    -5.69454377436902
     1213.38885046506	    -5.82543258794913
     1224.61619926514	    -5.95881649991201
      1235.9474334446	    -6.09469245411186
     1247.38351424303	    -6.23305353393497
     1258.92541179426	    -6.37389017977489
     1270.57410520863	    -6.51719111741476
     1282.33058265612	    -6.66294205674905
     1294.19584145008	    -6.81112663070848
     1306.17088813194	    -6.96172725066063
      1318.2567385565	    -7.11472175915016
     1330.45441797819	    -7.27008746889786
     1342.76496113796	    -7.42779979319391
     1355.18941235114	    -7.58783128830753
     1367.72882559595	    -7.75015255984002
     1380.38426460299	    -7.91473364611553
     1393.15680294541	    -8.08154199859202
     1406.04752413002	    -8.25054353205118
      1419.0575216892	    -8.42170275893312
     1432.18789927365	    -8.59498313231303
     1445.43977074603	    -8.77034743480586
     1458.81426027546	    -8.94775543291898
     1472.31250243283	     -9.1271684123202
     1485.93564228712	    -9.30854527638804
     1499.68483550249	    -9.49184445712537
     1513.56124843632	    -9.67702405417706
     1527.56605823819	    -9.86404116097413
     1541.70045294967	    -10.0528527487557
     1555.96563160519	    -10.2434164982092
     1570.36280433367	    -10.4356887913664
     1584.89319246123	    -10.6296248067765
     1599.55802861479	    -10.8251829556603
     1614.35855682661	    -11.0223183222648
     1629.29603263985	    -11.2209887813761
     1644.37172321506	    -11.4211513256562
     1659.58690743769	    -11.6227626588555
     1674.94287602656	    -11.8257807885382
     1690.44093164339	    -12.0301636173524
     1706.08238900325	    -12.2358707873783
     1721.86857498614	     -12.442861526375
     1737.80082874951	     -12.651095792185
     1753.88050184189	    -12.8605329307498
     1770.10895831756	    -13.0711357444316
     1786.48757485219	    -13.2828656830813
     1803.01774085971	    -13.4956852254938
     1819.70085861012	    -13.7095585024863
     1836.53834334849	    -13.9244492138501
     1853.53162341495	      -14.14032312516
     1870.68214036594	    -14.3571460512152
     1887.99134909644	    -14.5748849279966
     1905.46071796339	    -14.7935065790366
     1923.09172891031	    -15.0129807694136
     1940.88587759293	    -15.2332765286384
     1958.84467350614	    -15.4543636098786
     1976.96964011201	    -15.6762138671727
     1995.26231496903	    -15.8987986064151
     2013.72424986254	    -16.1220905790778
     2032.35701093638	    -16.3460636148819
     2051.16217882572	    -16.5706922462301
      2070.1413487912	     -16.795951708869
      2089.2961308542	    -17.0218184159267
     2108.62814993345	    -17.2482682541833
     2128.13904598288	    -17.4752789946026
      2147.8304741307	    -17.7028292703131
     2167.70410481986	    -17.9308977043905
     2187.76162394972	    -18.1594651485745
     2208.00473301907	    -18.3885106361583
     2228.43514927048	    -18.6180166537692
     2249.05460583596	    -18.8479645387696
       2269.864851884	     -19.078336635957
     2290.86765276795	    -19.3091160492308
     2312.06479017578	    -19.5402865070999
     2333.45806228119	     -19.771832599645
      2355.0492838962	    -20.0037389196767
     2376.84028662506	    -20.2359910248093
     2398.83291901968	    -20.4685751421459
     2421.02904673637	    -20.7014780052854
     2443.43055269417	    -20.9346860779314
     2466.03933723454	    -21.1681870912611
     2488.85731828259	    -21.4019697509093
     2511.88643150978	    -21.6360214356543
     2535.12863049811	    -21.8703319368844
     2558.58588690585	    -22.1048902650447
      2582.2601906348	    -22.3396861592578
      2606.1535499991	    -22.5747101063257
     2630.26799189559	     -22.809952657647
     2654.60556197575	    -23.0454045626528
     2679.16832481925	    -23.2810571107188
     2703.95836410906	    -23.5169020846729
     2728.97778280826	    -23.7529319142225
     2754.22870333839	    -23.9891379822671
     2779.71326775951	    -24.2255135023247
     2805.43363795194	    -24.4620509688333
     2831.39199579961	    -24.6987443170876
     2857.59054337518	    -24.9355864172576
     2884.03150312684	    -25.1725710941192
     2910.71711806684	    -25.4096924212757
     2937.64965196177	    -25.6469445772612
     2964.83138952458	    -25.8843223033552
     2992.26463660843	    -26.1218201843281
     3019.95172040226	    -26.3594332173635
     3047.89498962823	    -26.5971556337877
     3076.09681474096	    -26.8349838989929
     3104.55958812861	     -27.072913554525
     3133.28572431584	    -27.3109397455464
     3162.27766016864	    -27.5490582719799
     3191.53785510102	    -27.7872650367711
      3221.0687912837	     -28.025557172819
     3250.87297385461	    -28.2639305238522
     3280.95293113146	    -28.5023812609198
     3311.31121482618	    -28.7409066306415
     3341.95040026142	    -28.9795034801201
     3372.87308658897	    -29.2181680840512
     3404.08189701029	    -29.4568975038275
     3435.57947899903	     -29.695689812906
      3467.3685045256	    -29.9345416470721
     3499.45167028386	    -30.1734508449163
     3531.83169791986	     -30.412414078366
     3564.51133426274	    -30.6514298074089
     3597.49335155772	    -30.8904954675958
     3630.78054770132	    -31.1296092453712
     3664.37574647864	    -31.3687681438809
     3698.28179780297	    -31.6079708280923
     3732.50157795752	    -31.8472153152391
      3767.0379898394	    -32.0864997012988
     3801.89396320593	    -32.3258224735085
     3837.07245492311	    -32.5651816397867
      3872.5764492165	    -32.8045753363156
     3908.40895792435	     -33.044003006794
     3944.57302075312	    -33.2834617373203
     3981.07170553531	     -33.522951191554
     4017.90810848974	    -33.7624697704097
     4055.08535448418	    -34.0020159494741
     4092.60659730045	    -34.2415888869262
     4130.47501990196	    -34.4811864666565
     4168.69383470371	     -34.720808673804
      4207.2662838448	    -34.9604537043348
     4246.19563946349	    -35.2001206146294
     4285.48520397476	    -35.4398088166872
     4325.13831035046	    -35.6795168529766
     4365.15832240203	    -35.9192443163445
     4405.54863506591	    -36.1589890985166
     4446.31267469147	    -36.3987523393472
      4487.4538993317	    -36.6385311476803
     4528.97579903659	    -36.8783262259001
     4570.88189614914	    -37.1181365744184
     4613.17574560419	    -37.3579610130325
     4655.86093522999	    -37.5977985149126
     4698.94108605256	    -37.8376494605715
     4742.41985260285	    -38.0775127377364
     4786.30092322679	    -38.3173881558749
     4830.58802039814	     -38.557274277871
     4875.28490103428	    -38.7971709542593
     4920.39535681493	    -39.0370779267268
     4965.92321450379	    -39.2769941669681
     5011.87233627316	    -39.5169202807206
     5058.24662003158	    -39.7568543947285
      5105.0499997545	    -39.9967967889609
     5152.28644581801	    -40.2367470666607
     5199.95996533561	    -40.4767053802938
     5248.07460249818	    -40.7166697857901
     5296.63443891704	     -40.956641399274
     5345.64359397018	    -41.1966189525049
     5395.10622515175	    -41.4366024863183
     5445.02652842469	    -41.6765919484641
     5495.40873857672	    -41.9165866885618
     5546.25712957959	    -42.1565860457471
     5597.57601495159	    -42.3965906565598
     5649.36974812352	     -42.636599505736
     5701.64272280797	    -42.8766127002285
     5754.39937337207	    -43.1166300765223
     5807.64417521363	    -43.3566511306098
      5861.3816451408	    -43.5966755975675
     5915.61634175526	    -43.8367031533785
      5970.3528658389	    -44.0767338101174
     6025.59586074411	    -44.3167676050685
     6081.35001278772	    -44.5568045227705
     6137.62005164848	     -44.796843260283
     6194.41075076836	    -45.0368852595662
     6251.72692775741	    -45.2769285122271
     6309.57344480249	    -45.5169743505734
     6367.95520907972	    -45.7570221364358
     6426.87717317077	      -45.99707199138
     6486.34433548296	    -46.2371230990417
     6546.36174067333	    -46.4771756447048
     6606.93448007655	    -46.7172298103572
     6668.06769213681	    -46.9572850599465
     6729.76656284378	    -47.1973416447688
     6792.03632617245	    -47.4373997924705
     6854.88226452723	    -47.6774579900502
     6918.30970918998	    -47.9175180155451
     6982.32404077234	    -48.1575783007561
      7046.9306896721	    -48.3976393110547
     7112.13513653393	    -48.6377008381128
     7177.94291271426	    -48.8777630957521
     7244.35960075055	    -49.1178258738691
     7311.39083483483	    -49.3578891199052
     7379.04230129167	    -49.5979520135484
     7447.31973906056	    -49.8380158542912
     7516.22894018273	    -50.0780798430898
     7585.77575029252	    -50.3181441184886
     7655.96606911326	    -50.5582084007559
     7726.80585095772	    -50.7982724409106
     7798.30110523329	    -51.0383369336146
      7870.4578969517	    -51.2784015442868
     7943.28234724354	    -51.5184656724227
     8016.78063387752	     -51.758529643898
     8090.95899178456	    -51.9985934568962
     8165.82371358667	    -52.2386575388364
     8241.38115013078	     -52.478721095062
     8317.63771102747	    -52.7187841805696
     8394.59986519474	    -52.9588476101772
     8472.27414140674	     -53.198910208354
     8550.66712884762	    -53.4389727395052
      8629.7854776705	    -53.6790344755644
     8709.63589956161	    -53.9190967289608
     8790.22516830965	     -54.159157455829
     8871.56012038043	    -54.3992190654019
     8953.64765549676	    -54.6392793367276
     9036.49473722385	    -54.8793390069553
     9120.10839355994	    -55.1193988771331
     9204.49571753256	    -55.3594573702975
     9289.66386780022	    -55.5995167277256
     9375.62006925967	    -55.8395743908691
      9462.3716136588	    -56.0796315841293
     9549.92586021524	    -56.3196889626038
      9638.2902362406	    -56.5597454071261
     9727.47223777055	    -56.7998009036541
     9817.47943020075	    -57.0398562663407
     9908.31944892859	    -57.2799110875232
     10000.0000000009	    -57.5199655663304
     10092.5288607678	    -57.7600191422866
     10185.9138805421	    -58.0000721369075
     10280.1629812657	    -58.2401245464735
     10375.2841581811	    -58.4801766033812
       10471.28548051	    -58.7202279605615
     10568.1750921376	    -58.9602782196604
     10665.9612123036	    -59.2003283193296
     10764.6521362994	    -59.4403783759617
     10864.2562361717	    -59.6804273876801
     10964.7819614329	    -59.9204754251289
     11066.2378397777	    -60.1605229408658
     11168.6324778067	      -60.40057042469
     11271.9745617562	    -60.6406169814547
     11376.2728582354	    -60.8806623922155
     11481.5362149699	     -61.120708084002
     11587.7735615523	    -61.3607526456607
     11694.9939101998	    -61.6007970003813
     11803.2063565184	    -61.8408407683123
     11912.4200802749	    -62.0808834015942
     12022.6443461753	    -62.3209256129265
     12133.8885046509	    -62.5609674236388
     12246.1619926516	    -62.8010089132252
     12359.4743344463	    -63.0410496126347
     12473.8351424306	    -63.2810894782445
     12589.2541179429	    -63.5211288765137
     12705.7410520866	     -63.761168363052
     12823.3058265614	    -64.0012063438918
     12941.9584145011	    -64.2412441942072
     13061.7088813197	    -64.4812814382291
     13182.5673855653	    -64.7213187960657
     13304.5441797822	    -64.9613545046654
     13427.6496113799	    -65.2013906579819
     13551.8941235117	    -65.4414259246697
     13677.2882559598	     -65.681460479449
     13803.8426460302	    -65.9214944763685
     13931.5680294544	    -66.1615278891547
     14060.4752413005	    -66.4015612161969
     14190.5752168923	    -66.6415937381875
     14321.8789927368	    -66.8816258474386
     14454.3977074607	    -67.1216573150385
     14588.1426027549	    -67.3616888672025
     14723.1250243286	    -67.6017193481446
     14859.3564228715	      -67.84174934886
     14996.8483550252	    -68.0817796819644
     15135.6124843635	    -68.3218088084027
     15275.6605823822	    -68.5618376100356
     15417.0045294971	     -68.801865898015
     15559.6563160523	    -69.0418942267461
      15703.628043337	    -69.2819217306672
     15848.9319246127	    -69.5219486354995
     15995.5802861482	    -69.7619751401461
     16143.5855682664	    -70.0020012576516
     16292.9603263988	     -70.242027297387
     16443.7172321509	    -70.4820524874065
     16595.8690743772	     -70.722077392792
      16749.428760266	    -70.9621018719047
     16904.4093164343	    -71.2021263109197
     17060.8238900329	    -71.4421500868539
     17218.6857498618	    -71.6821735342685
     17378.0082874955	    -71.9221964568225
     17538.8050184193	    -72.1622186644145
     17701.0895831759	    -72.4022407257381
     17864.8757485223	    -72.6422630596499
     18030.1774085975	    -72.8822849119742
     18197.0085861016	    -73.1223058171688
     18365.3834334853	    -73.3623265574893
     18535.3162341499	    -73.6023471689615
     18706.8214036599	    -73.8423667662631
     18879.9134909648	    -74.0823873383498
     19054.6071796344	    -74.3224066675539
     19230.9172891035	    -74.5624257038345
     19408.8587759297	    -74.8024444355314
     19588.4467350618	    -75.0424627716434
     19769.6964011206	    -75.2824809437631
     19952.6231496908	    -75.5224988709155
     20137.2424986259	    -75.7625165221932
     20323.5701093642	    -76.0025338823679
     20511.6217882577	    -76.2425507240686
     20701.4134879125	     -76.482567842104
     20892.9613085425	    -76.7225842878166
      21086.281499335	    -76.9626005150491
     21281.3904598292	    -77.2026162755452
     21478.3047413075	    -77.4426318895319
     21677.0410481991	    -77.6826473705007
     21877.6162394977	    -77.9226622887346
     22080.0473301912	    -78.1626771908145
     22284.3514927053	    -78.4026919322657
     22490.5460583601	    -78.6427062458119
     22698.6485188405	    -78.8827196670876
       22908.67652768	    -79.1227340434703
     23120.6479017583	    -79.3627471971803
     23334.5806228124	    -79.6027608555548
     23550.4928389625	    -79.8427741542875
     23768.4028662512	    -80.0827871962849
     23988.3291901973	    -80.3227994688656
     24210.2904673642	    -80.5628117910717
     24434.3055269422	    -80.8028241170221
     24660.3933723459	    -81.0428364515377
     24888.5731828264	     -81.282848085845
     25118.8643150984	    -81.5228598004224
     25351.2863049817	    -81.7628708062686
     25585.8588690591	    -82.0028822352619
     25822.6019063486	    -82.2428933204892
     26061.5354999916	     -82.482904348233
     26302.6799189565	    -82.7229146136347
     26546.0556197581	    -82.9629249422489
     26791.6832481931	    -83.2029356075343
     27039.5836410912	    -83.4429453549035
     27289.7778280832	    -83.6829556525068
     27542.2870333845	    -83.9229653971253
     27797.1326775957	    -84.1629744841997
       28054.33637952	    -84.4029846373187
     28313.9199579967	    -84.6429935079274
     28575.9054337524	    -84.8830027928611
      28840.315031269	    -85.1230113885022
     29107.1711806691	    -85.3630204721675
     29376.4965196183	    -85.6030288704033
     29648.3138952465	    -85.8430375155722
      29922.646366085	    -86.0830455420162
     30199.5172040233	    -86.3230540697579
      30478.949896283	    -86.5630620495997
     30760.9681474103	    -86.8030696533534
     31045.5958812868	      -87.04307720428
     31332.8572431591	    -87.2830850268874
     31622.7766016871	    -87.5230927033886
     31915.3785510109	    -87.7631000746629
     32210.6879128377	    -88.0031071116284
     32508.7297385468	    -88.2431138137704
     32809.5293113153	    -88.4831207108653
     33113.1121482626	    -88.7231281320859
     33419.5040026149	    -88.9631345974162
     33728.7308658904	    -89.2031415129883
     34040.8189701037	     -89.443147452631
     34355.7947899911	    -89.6831537763648
     34673.6850452568	     -89.923160114018
     34994.5167028394	    -90.1631664329955
     35318.3169791994	    -90.4031720941558
     35645.1133426282	    -90.6431781925043
      35974.933515578	     -90.883184143151
      36307.805477014	    -91.1231900047806
     36643.7574647872	    -91.3631954969189
     36982.8179780306	    -91.6032007745861
      37325.015779576	    -91.8432063237608
     37670.3798983949	    -92.0832118721713
     38018.9396320602	    -92.3232166435778
      38370.724549232	    -92.5632218144432
     38725.7644921659	    -92.8032268099818
     39084.0895792444	    -93.0432317154013
     39445.7302075321	    -93.2832366599681
      39810.717055354	     -93.523241667188
     40179.0810848983	     -93.763245879632
     40550.8535448427	    -94.0032504524024
     40926.0659730055	    -94.2432554461221
     41304.7501990206	    -94.4832595131698
      41686.938347038	    -94.7232643704638
     42072.6628384489	    -94.9632680168353
     42461.9563946359	      -95.20327278525
     42854.8520397486	    -95.4432768369286
     43251.3831035055	     -95.683280338202
     43651.5832240213	    -95.9232848154159
     44055.4863506601	    -96.1632883236351
     44463.1267469157	     -96.403292313064
     44874.5389933181	    -96.6432959695686
      45289.757990367	    -96.8833001453428
     45708.8189614924	    -97.1233038303333
     46131.7574560429	    -97.3633074613697
     46558.6093523009	    -97.6033101088117
     46989.4108605266	    -97.8433140661041
     47424.1985260296	     -98.083317057079
      47863.009232269	    -98.3233207958406
     48305.8802039825	    -98.5633239317526
     48752.8490103439	    -98.8033269539241
     49203.9535681505	    -99.0433300526315
      49659.232145039	    -99.2833335074685
     50118.7233627327	    -99.5233363558948
     50582.4662003169	    -99.7633391396217
     51050.4999975462	    -100.003342084827
     51522.8644581813	    -100.243344897005
     51999.5996533573	    -100.483347879809
      52480.746024983	    -100.723350507349
     52966.3443891716	    -100.963353254941
      53456.435939703	    -101.203356166337
     53951.0622515187	    -101.443358629834
     54450.2652842481	     -101.68336143739
     54954.0873857685	    -101.923363692784
     55462.5712957972	    -102.163366463023
     55975.7601495172	    -102.403368755608
     56493.6974812365	    -102.643371350159
     57016.4272280811	    -102.883373385298
     57543.9937337221	    -103.123375599051
     58076.4417521377	    -103.363377612017
     58613.8164514094	    -103.603380494982
      59156.163417554	    -103.843381903649
     59703.5286583903	    -104.083384544504
     60255.9586074425	    -104.323386359697
     60813.5001278786	    -104.563388770045
     61376.2005164863	    -104.803390442271
     61944.1075076851	    -105.043392387056
     62517.2692775756	    -105.283394666527
     63095.7344480264	    -105.523396707247
     63679.5520907987	    -105.763398277655
     64268.7717317092	    -106.003400036074
     64863.4433548311	     -106.24340220137
     65463.6174067348	    -106.483403675923
      66069.344800767	     -106.72340582124
     66680.6769213697	    -106.963407026631
     67297.6656284394	    -107.203408651716
     67920.3632617261	    -107.443410836984
     68548.8226452739	    -107.683412178448
     69183.0970919015	    -107.923414076947
      69823.240407725	    -108.163415335256
     70469.3068967227	    -108.403416621183
      71121.351365341	    -108.643418024292
     71779.4291271443	    -108.883419702792
     72443.5960075072	    -109.123421741071
       73113.90834835	    -109.363423059584
     73790.4230129185	    -109.603423969922
     74473.1973906074	    -109.843425242008
     75162.2894018291	    -110.083427015747
      75857.757502927	     -110.32342803212
     76559.6606911344	    -110.563429554729
      77268.058509579	    -110.803430653527
     77983.0110523348	    -111.043432241909
     78704.5789695189	    -111.283433142561
     79432.8234724372	    -111.523434398902
     80167.8063387771	    -111.763435773935
     80909.5899178475	    -112.003436676044
     81658.2371358686	    -112.243437896749
     82413.8115013097	    -112.483439004319
     83176.3771102766	    -112.723440065297
     83945.9986519494	    -112.963441571271
     84722.7414140694	    -113.203442178533
     85506.6712884782	    -113.443443498974
      86297.854776707	    -113.683444266052
     87096.3589956181	    -113.923445264081
     87902.2516830986	    -114.163446249591
     88715.6012038063	     -114.40344731121
     89536.4765549697	    -114.643448766402
     90364.9473722406	    -114.883449293055
     91201.0839356015	    -115.123450052464
     92044.9571753278	    -115.363451193516
     92896.6386780044	     -115.60345250433
     93756.2006925989	    -115.843453210555
     94623.7161365903	     -116.08345376303
     95499.2586021547	    -116.323454831461
     96382.9023624083	     -116.56345558544
     97274.7223777078	    -116.803456065174
     98174.7943020099	    -117.043457158282
     99083.1944892883	    -117.283457683202
     100000.000000012	    -117.523458691069


