                   RD	              I(J1:d)
                  100	   0.0140228839591146
     102.329299228075	   0.0140212215483189
      104.71285480509	    0.014019520021975
     107.151930523761	   0.0140177793800831
     109.647819614318	   0.0140159977599978
     112.201845430196	   0.0140141742303967
     114.815362149688	   0.0140123087912798
     117.489755493953	   0.0140103995800018
     120.226443461741	   0.0140084456652403
     123.026877081238	   0.0140064470469952
     125.892541179417	   0.0140044009312987
     128.824955169313	   0.0140023082494736
     131.825673855641	    0.014000166207552
     134.896288259165	   0.0139979738742113
     138.038426460288	   0.0139957303181291
     141.253754462275	   0.0139934355393052
     144.543977074593	    0.013991086743772
     147.910838816821	   0.0139886830002069
     151.356124843621	   0.0139862233772874
     154.881661891248	   0.0139837069436908
     158.489319246111	    0.013981131836772
     162.181009735893	   0.0139784961938858
     165.958690743756	   0.0139757990837097
     169.824365246174	   0.0139730395749211
     173.780082874937	   0.0139702158048749
     177.827941003892	   0.0139673259109259
     181.970085860998	   0.0139643689617515
     186.208713666287	   0.0139613430947065
     190.546071796324	   0.0139582464471459
     194.984459975804	   0.0139550780877471
     199.526231496888	   0.0139518352225423
     204.173794466953	   0.0139485169202089
     208.929613085404	   0.0139451222494245
     213.796208950223	   0.0139416474848986
     218.776162394955	   0.0139380926266313
     223.872113856834	   0.0139344539493322
     229.086765276777	   0.0139307314530015
     234.422881531992	   0.0139269214123487
     239.883291901949	   0.0139230228960514
     245.470891568503	   0.0139190331101418
     251.188643150958	   0.0139149511232972
     257.039578276886	   0.0139107741415501
     263.026799189538	   0.0139064993709326
     269.153480392691	   0.0139021249487996
     275.422870333816	    0.013897649012506
     281.838293126445	   0.0138930678367615
      288.40315031266	   0.0138883804902434
     295.120922666638	   0.0138835841789842
     301.995172040201	   0.0138801299035549
     309.029543251358	   0.0138765955343843
     316.227766016837	   0.0138701796531677
     323.593656929628	   0.0138650359585881
      331.13112148259	   0.0138597711920738
     338.844156139202	   0.0138543853536248
     346.736850452531	   0.0138488728553057
     354.813389233575	   0.0138432318344712
     363.078054770101	   0.0138374604284763
     371.535229097172	   0.0138315539807081
      380.18939632056	   0.0138255096971989
      389.04514499428	   0.0138193238526583
     398.107170553496	   0.0138129955157638
     407.380277804112	   0.0138065181672573
     416.869383470335	   0.0137998908758163
     426.579518801592	    0.013793108984828
     436.515832240165	    0.013786168769002
     446.683592150962	   0.0137790665030479
     457.088189614874	   0.0137717993929982
     467.735141287197	   0.0137643618509173
     478.630092322637	   0.0137567520141602
     489.778819368445	   0.0137489642947912
     501.187233627271	   0.0137409958988428
     512.861383991364	   0.0137341376394033
     524.807460249771	   0.0137271210551262
     537.031796370251	   0.0137175973504782
     549.540873857623	   0.0137078519910574
     562.341325190348	   0.0137003194540739
     575.439937337155	   0.0136926108971238
     588.843655355587	   0.0136822732165456
     602.559586074356	   0.0136729516088963
     616.595001861481	    0.013663413003087
     630.957344480192	   0.0136536527425051
     645.654229034654	   0.0136436643078923
     660.693448007594	   0.0136334430426359
      676.08297539198	   0.0136229833588004
     691.830970918935	   0.0136122805997729
     707.945784384136	   0.0136013273149729
     724.435960074988	   0.0135901188477874
     741.310241300916	    0.013578649610281
     758.577575029182	   0.0135669130831957
      776.24711662869	   0.0135549018159509
     794.328234724279	   0.0135439308360219
     812.830516164097	   0.0135316094383597
     831.763771102669	   0.0135190011933446
     851.138038202374	   0.0135060986503959
     870.963589956078	   0.0134928952902555
     891.250938133743	   0.0134793845936656
     912.010839355907	   0.0134655581787229
     933.254300796988	   0.0134514095261693
     954.992586021433	   0.0134369311854243
     977.237220955808	   0.0134230926632881
     999.999999999997	   0.0134089309722185
     1023.29299228075	   0.0133930006995797
      1047.1285480509	   0.0133766988292336
      1071.5193052376	   0.0133616337552667
     1096.47819614318	   0.0133462175726891
     1122.01845430196	   0.0133289434015751
     1148.15362149688	   0.0133112678304315
     1174.89755493953	   0.0132948821410537
     1202.26443461741	   0.0132781146094203
     1230.26877081238	   0.0132593996822834
     1258.92541179416	   0.0132411094382405
     1288.24955169313	   0.0132223926484585
      1318.2567385564	   0.0132032390683889
     1348.96288259165	   0.0131836384534836
     1380.38426460288	   0.0131635805591941
     1412.53754462275	   0.0131439100950956
     1445.43977074592	   0.0131237804889679
      1479.1083881682	   0.0131022231653333
      1513.5612484362	   0.0130801638588309
     1548.81661891248	   0.0130588514730334
     1584.89319246111	   0.0130370426923037
     1621.81009735892	   0.0130137391388416
     1659.58690743755	   0.0129905128851533
     1698.24365246174	   0.0129667446017265
     1737.80082874937	   0.0129424212500453
     1778.27941003892	   0.0129180671647191
     1819.70085860998	   0.0128931449726224
     1862.08713666286	   0.0128676416352391
     1905.46071796324	   0.0128415422514081
     1949.84459975804	   0.0128148337826133
     1995.26231496887	    0.012787502259016
     2041.73794466952	   0.0127600841224194
     2089.29613085403	   0.0127320261672139
     2137.96208950222	   0.0127033134922385
     2187.76162394954	    0.012674156576395
     2238.72113856833	   0.0126443197950721
     2290.86765276776	   0.0126141710206866
     2344.22881531991	   0.0125833181664348
     2398.83291901948	    0.012485752813518
     2454.70891568502	   0.0122692929580808
     2511.88643150957	   0.0120354322716594
     2570.39578276885	   0.0117960600182414
     2630.26799189537	   0.0115582682192326
      2691.5348039269	   0.0113214151933789
     2754.22870333815	    0.011086636222899
     2818.38293126444	    0.010854690335691
     2884.03150312659	   0.0106259873136878
     2951.20922666637	   0.0104007888585329
       3019.951720402	   0.0101792635396123
     3090.29543251358	  0.00996152497828007
     3162.27766016836	   0.0097476402297616
     3235.93656929627	  0.00953765027225018
      3311.3112148259	  0.00933157093822956
     3388.44156139201	  0.00912940036505461
      3467.3685045253	  0.00893112737685442
     3548.13389233574	  0.00873672682791948
       3630.780547701	  0.00854616798460483
     3715.35229097171	  0.00835941173136234
     3801.89396320559	  0.00817641708999872
     3890.45144994279	  0.00799713656306267
     3981.07170553495	  0.00782151985913515
     4073.80277804111	  0.00764951575547457
     4168.69383470333	  0.00748106930404902
     4265.79518801591	   0.0073161250911653
     4365.15832240164	  0.00715462723746896
     4466.83592150961	  0.00699651753529906
     4570.88189614873	  0.00684173870831728
     4677.35141287196	  0.00669023208320141
     4786.30092322636	  0.00654193945229054
     4897.78819368444	  0.00639680307358503
      5011.8723362727	   0.0062547642737627


