                 Time	                V(VO)	                V(VI)
                    0	                    0	                    0
               2e-014	                    0	    0.100000001490116
               4e-014	1.05563699715143e-030	    0.200000002980232
8.00007138523506e-014	6.33401043816289e-030	    0.400003582239151
1.60002141557052e-013	6.75642706027778e-029	    0.800010681152344
3.20004996966454e-013	9.62801268148345e-028	     1.60002493858337
6.40010707785259e-013	 1.4965717507517e-026	     3.20005345344543
            1.02e-012	8.74594986327772e-026	                    5
1.08400114216376e-012	1.10834229952405e-025	                    5
 1.2120125214383e-012	1.66301283521694e-025	                    5
1.46803527998738e-012	3.39901182094202e-025	                    5
1.98008079708554e-012	1.04156510063758e-024	                    5
3.00417183128186e-012	4.69315756165688e-024	                    5
5.05235389967449e-012	2.76326647056321e-023	                    5
9.14871803645976e-012	1.89203087946172e-022	                    5
1.73414463100303e-011	1.40027844240394e-021	                    5
3.37269028571714e-011	1.07755178576342e-020	                    5
6.64978159514535e-011	8.45491483258111e-020	                    5
1.32039642140018e-010	  6.698753135723e-019	                    5
2.63123294517146e-010	5.33313160774019e-018	                    5
5.25290599271404e-010	4.25619365267607e-017	                    5
1.04962520877992e-009	3.40083251866569e-016	                    5
2.09829442779695e-009	2.71900921848772e-015	                    5
4.19563286583101e-009	2.17453008724555e-014	                    5
8.39030974189912e-009	1.73932916680553e-013	                    5
1.67796634940354e-008	1.39130709991137e-012	                    5
3.35583709983078e-008	1.11292182067291e-011	                    5
6.71157860068527e-008	8.90189796876051e-011	                    5
1.34230616023943e-007	7.11935788100249e-010	                    5
2.68460276058122e-007	5.69211211498555e-009	                    5
5.23711206844255e-007	4.20573726955809e-008	                    5
7.72286417415544e-007	1.30991267610625e-007	                    5
1.26943683855812e-006	5.81028359647462e-007	                    5
1.90181827776711e-006	1.93277560356364e-006	                    5
3.06339359514992e-006	8.07485321274726e-006	                    5
 4.6657571815757e-006	2.82311957562342e-005	                    5
7.43103122942726e-006	 0.000113127469376195	                    5
1.14585886024741e-005	 0.000407266867114231	                    5
1.82052621864585e-005	  0.00159266847185791	                    5
2.84835824989585e-005	  0.00584701402112842	                    5
4.57382211708335e-005	   0.0225957166403532	                    5
 7.3786927225521e-005	   0.0845004543662071	                    5
 0.000124848938944271	    0.330016225576401	                    5
 0.000203535462381771	     1.02132523059845	                    5
 0.000292561341288021	     2.08646702766418	                    5
 0.000398786927225521	     3.36645460128784	                    5
 0.000528132630350521	     4.50195217132568	                    5
 0.000653327942850521	      5.0612211227417	                    5
 0.000793562317850521	     5.19550657272339	                    5
 0.000956013489725521	     5.08135175704956	                    5
  0.00104561309910052	     5.01701259613037	                    5
  0.00115786895847552	     4.96674776077271	                    5
  0.00127045440769427	      4.9534797668457	                    5
  0.00134744415378802	     4.96024036407471	                    5
  0.00134969973850922	     4.96063041687012	                    5
  0.00135421099949555	     4.96142244338989	                    5
   0.0013632335214682	     4.96302843093872	                    5
     0.00137000000102	     4.96425771713257	     4.89999961853027
    0.001370000001118	     4.96425771713257	     4.40999984741211
    0.001370000001314	     4.96425771713257	     3.43001890182495
  0.00137000000170599	     4.96425771713257	     1.47005784511566
     0.00137000000202	     4.96425771713257	                    0
   0.0013700000020984	     4.96425771713257	                    0
   0.0013700000022552	     4.96425771713257	                    0
  0.00137000000256879	     4.96425771713257	                    0
  0.00137000000319598	     4.96425771713257	                    0
  0.00137000000445035	     4.96425771713257	                    0
   0.0013700000069591	     4.96425771713257	                    0
   0.0013700000119766	     4.96425771713257	                    0
   0.0013700000220116	     4.96425771713257	                    0
   0.0013700000420816	     4.96425771713257	                    0
  0.00137000008222161	     4.96425771713257	                    0
  0.00137000016250161	     4.96425771713257	                    0
  0.00137000032306163	     4.96425771713257	                    0
  0.00137000064418165	     4.96425771713257	                    0
   0.0013700012864217	     4.96425771713257	                    0
  0.00137000257090179	     4.96425819396973	                    0
  0.00137000513986198	     4.96425867080688	                    0
  0.00137001027778236	      4.9642596244812	                    0
  0.00137002055362312	     4.96426153182983	                    0
  0.00137004110530464	      4.9642653465271	                    0
  0.00137008220866768	     4.96427297592163	                    0
  0.00137016441539375	     4.96428775787353	                    0
   0.0013703288288459	      4.9643177986145	                    0
   0.0013706576557502	     4.96437788009644	                    0
  0.00137131530955879	      4.9644980430603	                    0
  0.00137263061717598	     4.96473455429077	                    0
  0.00137526123241035	     4.96518182754517	                    0
   0.0013805224628791	     4.96586751937866	                    0
   0.0013910449238166	     4.96564531326294	                    0
  0.00141116821483223	     4.95477771759033	                    0
   0.0014487353535041	     4.87741327285767	                    0
  0.00150400268748848	     4.59564208984375	                    0
  0.00157120239451973	     3.99618124961853	                    0
  0.00163945190623848	     3.19380354881287	                    0
  0.00173513061717598	     2.01280808448792	                    0
  0.00185661499217598	    0.800426125526428	                    0
  0.00198276245311348	   0.0730399489402771	                    0
  0.00212924682811348	   -0.193182200193405	                    0
  0.00222040893748848	   -0.180964276194572	                    0
  0.00234074585155098	   -0.071773074567318	                    0
  0.00241378051951973	  -0.0169049184769392	                    0
  0.00250031616405098	    0.026680825278163	                    0
  0.00257866089061348	   0.0424520820379257	                    0
  0.00266960327342598	   0.0396432913839817	                    0
     0.00275000000002	   0.0293254163116217	     0.10000029951334
    0.002750000000118	   0.0293254163116217	    0.590001165866852
    0.002750000000314	   0.0293254163116217	     1.56998109817505
  0.00275000000070599	   0.0293254163116217	     3.52994322776794
     0.00275000000102	   0.0293254163116217	                    5
   0.0027500000010984	   0.0293254163116217	                    5
   0.0027500000012552	   0.0293254163116217	                    5
  0.00275000000156879	   0.0293254163116217	                    5
  0.00275000000219598	   0.0293254163116217	                    5
  0.00275000000345035	   0.0293254163116217	                    5
   0.0027500000059591	   0.0293254163116217	                    5
   0.0027500000109766	   0.0293254163116217	                    5
   0.0027500000210116	   0.0293254144489765	                    5
   0.0027500000410816	   0.0293254107236862	                    5
  0.00275000008122161	   0.0293254051357508	                    5
  0.00275000016150161	    0.029325395822525	                    5
  0.00275000032206163	   0.0293253734707832	                    5
  0.00275000064318165	   0.0293253287672996	                    5
   0.0027500012854217	   0.0293252412229776	                    5
  0.00275000256990179	   0.0293250642716885	                    5
  0.00275000513886198	   0.0293247122317553	                    5
  0.00275001027678236	   0.0293240062892437	                    5
  0.00275002055262312	   0.0293225962668657	                    5
  0.00275004110430464	   0.0293197743594646	                    5
  0.00275008220766768	   0.0293141342699528	                    5
  0.00275016441439375	   0.0293028578162193	                    5
   0.0027503288278459	   0.0292803253978491	                    5
   0.0027506576547502	   0.0292353685945272	                    5
  0.00275131530855879	   0.0291461106389761	                    5
  0.00275263061617598	   0.0289719253778458	                    5
  0.00275526123141035	   0.0286543220281601	                    5
   0.0027605224618791	   0.0282450076192617	                    5
   0.0027710449228166	   0.0290809664875269	                    5
   0.0027920898446916	    0.042327132076025	                    5
  0.00282483520601973	    0.108843088150024	                    5
  0.00287735595797285	    0.362322628498077	                    5
   0.0029558349618791	      1.0564888715744	                    5
   0.0030449707040666	     2.12314009666443	                    5
   0.0031517333993791	     3.40179586410522	                    5
   0.0032834472665666	     4.53696393966675	                    5
   0.0034091796884416	       5.077064037323	                    5
   0.0035486083993791	     5.19556665420532	                    5
   0.0037102294931291	     5.07824277877808	                    5
  0.00379771728609785	     5.01556825637817	                    5
  0.00390867920016035	     4.96638202667236	                    5
  0.00402113037203535	     4.95365238189697	                    5
  0.00409940185641035	     4.96067428588867	                    5
  0.00410146167086932	      4.9610333442688	                    5
  0.00410558154391619	     4.96176147460938	                    5
  0.00411382129000994	     4.96323442459106	                    5
     0.00412000000102	     4.96435928344726	     4.90000200271606
    0.004120000001118	     4.96435928344726	     4.41000318527222
    0.004120000001314	     4.96435928344727	     3.43002319335938
  0.00412000000170599	     4.96435928344727	     1.47006320953369
     0.00412000000202	     4.96435928344727	                    0
   0.0041200000020984	     4.96435928344726	                    0
  0.00412000000225519	     4.96435928344727	                    0
  0.00412000000256879	     4.96435928344727	                    0
  0.00412000000319598	     4.96435928344727	                    0
  0.00412000000445035	     4.96435928344727	                    0
   0.0041200000069591	     4.96435928344727	                    0
   0.0041200000119766	     4.96435928344727	                    0
   0.0041200000220116	     4.96435928344727	                    0
   0.0041200000420816	     4.96435928344727	                    0
  0.00412000008222161	     4.96435928344727	                    0
  0.00412000016250161	     4.96435928344727	                    0
  0.00412000032306162	     4.96435928344727	                    0
  0.00412000064418165	     4.96435928344726	                    0
   0.0041200012864217	     4.96435928344726	                    0
  0.00412000257090179	     4.96435976028442	                    0
  0.00412000513986198	     4.96436023712158	                    0
  0.00412001027778236	      4.9643611907959	                    0
  0.00412002055362312	     4.96436309814453	                    0
  0.00412004110530464	      4.9643669128418	                    0
  0.00412008220866767	     4.96437406539917	                    0
  0.00412016441539375	     4.96438932418823	                    0
   0.0041203288288459	      4.9644193649292	                    0
  0.00412065765575019	     4.96447944641113	                    0
  0.00412131530955879	       4.964599609375	                    0
  0.00412263061717598	     4.96483659744263	                    0
  0.00412526123241035	     4.96528434753418	                    0
   0.0041305224628791	     4.96597099304199	                    0
   0.0041410449238166	     4.96575164794922	                    0
  0.00416116821483223	     4.95488882064819	                    0
   0.0041987353535041	     4.87753105163574	                    0
  0.00425400268748848	     4.59576416015625	                    0
  0.00432120239451973	     3.99629807472229	                    0
  0.00438945190623848	     3.19390439987183	                    0
  0.00448513061717598	     2.01287794113159	                    0
  0.00460660278514473	    0.800554156303406	                    0
  0.00473275024608223	   0.0730948075652123	                    0
  0.00487923462108223	   -0.193178623914719	                    0
  0.00497039673045723	    -0.18097360432148	                    0
  0.00509073364451973	  -0.0717837736010551	                    0
  0.00516378051951973	  -0.0169054325670004	                    0
  0.00525030395701973	   0.0266773048788309	                    0
  0.00532864868358223	   0.0424518696963787	                    0
  0.00541959106639473	   0.0396452136337757	                    0
     0.00550000000002	   0.0293263923376799	   0.0999981313943863
    0.005500000000118	   0.0293263923376799	    0.589996814727783
    0.005500000000314	   0.0293263923376799	     1.56997680664063
  0.00550000000070599	   0.0293263923376799	     3.52993679046631
     0.00550000000102	   0.0293263923376799	                    5
   0.0055000000010984	   0.0293263923376799	                    5
   0.0055000000012552	   0.0293263923376799	                    5
  0.00550000000156879	   0.0293263923376799	                    5
  0.00550000000219598	   0.0293263923376799	                    5
  0.00550000000345035	   0.0293263923376799	                    5
   0.0055000000059591	   0.0293263923376799	                    5
   0.0055000000109766	   0.0293263904750347	                    5
   0.0055000000210116	   0.0293263904750347	                    5
   0.0055000000410816	   0.0293263867497444	                    5
  0.00550000008122161	    0.029326381161809	                    5
  0.00550000016150161	   0.0293263699859381	                    5
  0.00550000032206162	   0.0293263476341963	                    5
  0.00550000064318165	   0.0293263047933578	                    5
   0.0055000012854217	   0.0293262153863907	                    5
  0.00550000256990179	   0.0293260402977467	                    5
  0.00550000513886198	   0.0293256863951683	                    5
  0.00550001027678236	   0.0293249823153019	                    5
  0.00550002055262312	   0.0293235722929239	                    5
  0.00550004110430464	   0.0293207503855228	                    5
  0.00550008220766768	    0.029315110296011	                    5
  0.00550016441439375	   0.0293038338422775	                    5
   0.0055003288278459	   0.0292813014239073	                    5
   0.0055006576547502	   0.0292363464832306	                    5
  0.00550131530855879	   0.0291470903903246	                    5
  0.00550263061617598	   0.0289729088544846	                    5
  0.00550526123141035	   0.0286553129553795	                    5
   0.0055105224618791	   0.0282460134476423	                    5
   0.0055210449228166	   0.0290820058435202	                    5
   0.0055420898446916	    0.042328242212534	                    5
  0.00557483520601973	    0.108844295144081	                    5
  0.00562735595797285	    0.362323969602585	                    5
   0.0057058349618791	     1.05649018287659	                    5
   0.0057949707040666	     2.12314128875732	                    5
   0.0059017333993791	     3.40179681777954	                    5
   0.0060334472665666	     4.53696441650391	                    5
   0.0061591796884416	       5.077064037323	                    5
   0.0062986083993791	     5.19556665420532	                    5
   0.0064602294931291	     5.07824277877808	                    5
  0.00654771728609785	     5.01556825637817	                    5
  0.00665867920016035	     4.96638202667236	                    5
  0.00677113037203535	     4.95365238189697	                    5
  0.00684940185641035	     4.96067428588867	                    5
  0.00685146167086932	      4.9610333442688	                    5
  0.00685558154391619	     4.96176147460938	                    5
  0.00686382129000994	     4.96323442459106	                    5
     0.00687000000102	     4.96435928344727	     4.90000200271606
    0.006870000001118	     4.96435928344726	     4.41000318527222
    0.006870000001314	     4.96435928344727	     3.43002319335938
  0.00687000000170599	     4.96435928344727	     1.47006320953369
     0.00687000000202	     4.96435928344727	                    0
   0.0068700000020984	     4.96435928344726	                    0
   0.0068700000022552	     4.96435928344727	                    0
  0.00687000000256879	     4.96435928344727	                    0
  0.00687000000319598	     4.96435928344727	                    0
  0.00687000000445035	     4.96435928344727	                    0
   0.0068700000069591	     4.96435928344727	                    0
   0.0068700000119766	     4.96435928344727	                    0
   0.0068700000220116	     4.96435928344727	                    0
   0.0068700000420816	     4.96435928344727	                    0
  0.00687000008222161	     4.96435928344727	                    0
  0.00687000016250161	     4.96435928344727	                    0
  0.00687000032306162	     4.96435928344727	                    0
  0.00687000064418165	     4.96435928344726	                    0
   0.0068700012864217	     4.96435928344726	                    0
  0.00687000257090179	     4.96435976028442	                    0
  0.00687000513986198	     4.96436023712158	                    0
  0.00687001027778236	      4.9643611907959	                    0
  0.00687002055362312	     4.96436309814453	                    0
  0.00687004110530464	      4.9643669128418	                    0
  0.00687008220866768	     4.96437406539917	                    0
  0.00687016441539375	     4.96438932418823	                    0
   0.0068703288288459	      4.9644193649292	                    0
   0.0068706576557502	     4.96447944641113	                    0
  0.00687131530955879	       4.964599609375	                    0
  0.00687263061717598	     4.96483659744263	                    0
  0.00687526123241035	     4.96528434753418	                    0
   0.0068805224628791	     4.96597146987915	                    0
   0.0068910449238166	     4.96575164794922	                    0
  0.00691116821483223	     4.95488882064819	                    0
   0.0069487353535041	     4.87753105163574	                    0
  0.00700400268748848	     4.59576416015625	                    0
  0.00707120239451973	     3.99629807472229	                    0
  0.00713945190623848	     3.19390439987183	                    0
  0.00723513061717598	     2.01287794113159	                    0
  0.00735660278514473	    0.800554156303406	                    0
  0.00748275024608223	   0.0730948001146317	                    0
  0.00762923462108223	   -0.193178623914719	                    0
  0.00772039673045723	    -0.18097360432148	                    0
  0.00784073364451973	  -0.0717837736010551	                    0
  0.00791378051951973	  -0.0169054325670004	                    0
  0.00800030395701973	   0.0266773048788309	                    0
  0.00807864868358223	   0.0424518696963787	                    0
  0.00816959106639473	   0.0396452136337757	                    0
     0.00825000000002	   0.0293263923376799	   0.0999981313943863
    0.008250000000118	   0.0293263923376799	    0.589996814727783
    0.008250000000314	   0.0293263923376799	     1.56997680664063
  0.00825000000070599	   0.0293263923376799	     3.52993679046631
     0.00825000000102	   0.0293263923376799	                    5
   0.0082500000010984	   0.0293263923376799	                    5
   0.0082500000012552	   0.0293263923376799	                    5
  0.00825000000156879	   0.0293263923376799	                    5
  0.00825000000219598	   0.0293263923376799	                    5
  0.00825000000345035	   0.0293263923376799	                    5
   0.0082500000059591	   0.0293263923376799	                    5
   0.0082500000109766	   0.0293263904750347	                    5
   0.0082500000210116	   0.0293263904750347	                    5
  0.00825000004108161	   0.0293263867497444	                    5
  0.00825000008122161	    0.029326381161809	                    5
  0.00825000016150161	   0.0293263699859381	                    5
  0.00825000032206163	   0.0293263476341963	                    5
  0.00825000064318165	   0.0293263047933578	                    5
   0.0082500012854217	   0.0293262153863907	                    5
  0.00825000256990179	   0.0293260402977467	                    5
  0.00825000513886198	   0.0293256863951683	                    5
  0.00825001027678236	   0.0293249823153019	                    5
  0.00825002055262312	   0.0293235722929239	                    5
  0.00825004110430464	   0.0293207503855228	                    5
  0.00825008220766768	    0.029315110296011	                    5
  0.00825016441439375	   0.0293038338422775	                    5
   0.0082503288278459	   0.0292813014239073	                    5
   0.0082506576547502	   0.0292363464832306	                    5
  0.00825131530855879	   0.0291470903903246	                    5
  0.00825263061617598	   0.0289729088544846	                    5
  0.00825526123141035	   0.0286553129553795	                    5
   0.0082605224618791	   0.0282460134476423	                    5
   0.0082710449228166	   0.0290820058435202	                    5
   0.0082920898446916	   0.0423282384872437	                    5
  0.00832483520601973	    0.108844295144081	                    5
  0.00837735595797285	    0.362323969602585	                    5
   0.0084558349618791	     1.05649018287659	                    5
   0.0085449707040666	     2.12314128875732	                    5
   0.0086517333993791	     3.40179681777954	                    5
   0.0087834472665666	     4.53696441650391	                    5
   0.0089091796884416	       5.077064037323	                    5
   0.0090486083993791	     5.19556665420532	                    5
   0.0092102294931291	     5.07824277877808	                    5
  0.00929771728609785	     5.01556825637817	                    5
  0.00940867920016035	     4.96638202667236	                    5
  0.00952113037203535	     4.95365238189697	                    5
  0.00959940185641035	     4.96067428588867	                    5
  0.00960146167086932	      4.9610333442688	                    5
  0.00960558154391619	     4.96176147460938	                    5
  0.00961382129000994	     4.96323442459106	                    5
     0.00962000000102	     4.96435928344726	     4.90000200271606
    0.009620000001118	     4.96435928344726	     4.41000318527222
    0.009620000001314	     4.96435928344727	     3.43002319335938
  0.00962000000170599	     4.96435928344727	     1.47006320953369
     0.00962000000202	     4.96435928344727	                    0
   0.0096200000020984	     4.96435928344726	                    0
   0.0096200000022552	     4.96435928344726	                    0
  0.00962000000256879	     4.96435928344727	                    0
  0.00962000000319598	     4.96435928344727	                    0
  0.00962000000445035	     4.96435928344727	                    0
   0.0096200000069591	     4.96435928344727	                    0
   0.0096200000119766	     4.96435928344727	                    0
   0.0096200000220116	     4.96435928344727	                    0
  0.00962000004208161	     4.96435928344727	                    0
  0.00962000008222161	     4.96435928344727	                    0
  0.00962000016250161	     4.96435928344727	                    0
  0.00962000032306163	     4.96435928344727	                    0
  0.00962000064418165	     4.96435928344727	                    0
   0.0096200012864217	     4.96435928344726	                    0
  0.00962000257090179	     4.96435976028442	                    0
  0.00962000513986198	     4.96436023712158	                    0
  0.00962001027778236	      4.9643611907959	                    0
  0.00962002055362312	     4.96436309814453	                    0
  0.00962004110530464	      4.9643669128418	                    0
  0.00962008220866768	     4.96437406539917	                    0
  0.00962016441539375	     4.96438932418823	                    0
   0.0096203288288459	      4.9644193649292	                    0
   0.0096206576557502	     4.96447944641113	                    0
  0.00962131530955879	       4.964599609375	                    0
  0.00962263061717598	     4.96483659744263	                    0
  0.00962526123241035	     4.96528434753418	                    0
   0.0096305224628791	     4.96597146987915	                    0
   0.0096410449238166	     4.96575164794922	                    0
  0.00966116821483223	     4.95488882064819	                    0
   0.0096987353535041	     4.87753105163574	                    0
  0.00975400268748848	     4.59576416015625	                    0
  0.00982120239451973	     3.99629807472229	                    0
  0.00988945190623848	     3.19390439987183	                    0
  0.00998513061717598	     2.01287794113159	                    0
                 0.01	     1.83745884895325	                    0


